-14.8201
4.96834
22.9795
179.5
-8.5
-25.4538
4.33256
22.3865
194.5
-2
-25.748
4.08
18.4547
-91.5
1
-37.2031
5.30584
27.4834
91.5
-14
-26.7135
4.72039
30.3637
65.5
-4
-11.4826
4.68009
26.8271
-3.5
2.5
-0.856827
5.02642
27.0011
-78.5
0.5
1.10418
3.92187
-13.9693
-90
-1.5
-7.69174
3.17971
-24.1538
-191
-1.5
-22.6322
3.12033
-22.6301
-180.5
1.5
-25.5935
3.29373
-9.73607
132
-2
-35.1452
6.79174
-22.2497
199.5
1.5
-35.3235
2.26019
-32.7574
257.5
-24
-25.6926
5.26542
-33.6987
-28.5
-13
-19.2417
3.5845
-22.0222
84.5
2.5
-19.2417
3.5845
-22.0222
182
3.5
